5994583535468418198
5996554457305846627
5996569085964456689
5996577933597086220
5996584380342997370
5996591406909493922
5996591892240798642
5996593365414580959
5996604841567195689
5996605936783857322
5996607195209274796
5996610446499517050
5996622201825006152
5996623142422843932
5996641683796661521
5996648113362703138
5996661414876418793
5996662840805561069
5996666027671295032
5996668965428925482
5996673324820731746
5996676786564371755
5996681489553566094
5996692892691732091
5996696474694459339
5996700769661752076
5996717391185188122
5996722356167382338
5996726217342980674
5996727093516308981
5996732921786929662
5996734802982606453
5996736104357696126
5996738260431279881
5996751016484147799
5996769467663651518
5996774793423099144
5996779492117321173
5996780694708163408
5996783177199260147
5996788679052366905
5996788880915830105
5996792037716794027
5996798050671007251
5996807216131216729
5996815140345877328
5996817266354689376
5996817700146387100
5996820891307086466
5996821552732050745
5996827449722147451
5996835455541187881
5996839793458156631
5996856732809172046
5996870450934716134
5996875836823704515
5996877670774740641
5996890950813618917
5996898982402463675
5996899124136382876
5996902409786365183
5996907310344049371
5996911601016378692
5996919499461235278
5996919739979403592
5996925164523100598
5996932242629202483
5996941713032090835
5996951183434978958
5996955134804891179
5996960065427346313
5996960692492571753
5996965889402999734
5996987467318695207
5997000472479666668
5997008186240930603
5997024004605482071
5997024928023450005
5997060279899263580
5997064029405712577
5997072718124552896
5997073495513633579
5997077141940868185